camera_matrix:
- - 3274.6571922324447
  - 0.0
  - 859.0057761023022
- - 0.0
  - 3275.1035713810898
  - 738.2050321852772
- - 0.0
  - 0.0
  - 1.0
dist_coeff:
- - -0.3051679001112835
  - 10.506519559059708
  - -0.006242340775874489
  - -0.004722963340978901
  - -96.26835403057187
rotation_vectors:
- - - 0.1142458830373048
  - - -0.08694379529142664
  - - 0.02973436383181632
translation_vectors:
- - - -123.54965143401239
  - - -95.93698162732126
  - - 660.2935603927697
